2297 9254 23830
4667 3386 28796
7164 4109 35081
5356 2271 78438
4312 6176 192104
1139 3739 254000
9002 3913 334620
7853 9492 440133
7292 9070 509242
9451 110 569854
7875 432 586159
50 7415 647735
4499 6207 660560
3118 1773 669849
5767 3140 681477
76 8364 710110
7031 1389 787729
6659 3234 920591
1841 2337 942236
7823 4404 945830
5261 577 971398
3155 9168 976005
5252 3281 1046149
8574 8947 1107057
8801 7178 1218595
5671 3305 1526349
7633 2496 1558444
2518 9813 1739130
8544 8196 1742491
934 4056 1800657
9048 5059 1805425
421 4835 1808752
3546 5225 1871979
5407 422 2010076
7140 4388 2098247
4206 1620 2487369
3096 3375 2695827
3927 8828 2920828
5596 7896 3310195
8033 8992 3365971
8575 8200 3662259
3543 3931 3840994
5791 8600 3909497
4030 7732 3962404
8577 4337 4435283
5810 7091 4661329
5542 4587 6285390
1909 360 6468907
2247 1446 7148429
3347 8501 7546190
